image: living_lab_map.pgm
resolution: 0.050000
origin: [-0.461749, -0.063027, 0.000000]
negate: 0
occupied_thresh: 0.65
free_thresh: 0.196

